{
 "cells": [
  {
   "cell_type": "markdown",
   "id": "0081d614",
   "metadata": {},
   "source": [
    "# - Summary Statistics"
   ]
  },
  {
   "cell_type": "markdown",
   "id": "253d8467",
   "metadata": {},
   "source": [
    "## Random Samples"
   ]
  },
  {
   "cell_type": "code",
   "execution_count": null,
   "id": "d5234221",
   "metadata": {},
   "outputs": [],
   "source": []
  },
  {
   "cell_type": "markdown",
   "id": "d7244edc",
   "metadata": {},
   "source": [
    "## Mean Vector and Covariance Matrix"
   ]
  },
  {
   "cell_type": "code",
   "execution_count": null,
   "id": "b5714b6e",
   "metadata": {},
   "outputs": [],
   "source": []
  },
  {
   "cell_type": "markdown",
   "id": "6b3a76a7",
   "metadata": {},
   "source": [
    "## Summary Statistics\n",
    ": We will use the automobile data to calculate the summary statistics"
   ]
  },
  {
   "cell_type": "code",
   "execution_count": 6,
   "id": "056344b9",
   "metadata": {},
   "outputs": [],
   "source": [
    "import pandas as pd\n",
    "import numpy as np\n",
    "from scipy import stats"
   ]
  },
  {
   "cell_type": "code",
   "execution_count": 7,
   "id": "dbc87e81",
   "metadata": {},
   "outputs": [
    {
     "data": {
      "text/html": [
       "<div>\n",
       "<style scoped>\n",
       "    .dataframe tbody tr th:only-of-type {\n",
       "        vertical-align: middle;\n",
       "    }\n",
       "\n",
       "    .dataframe tbody tr th {\n",
       "        vertical-align: top;\n",
       "    }\n",
       "\n",
       "    .dataframe thead th {\n",
       "        text-align: right;\n",
       "    }\n",
       "</style>\n",
       "<table border=\"1\" class=\"dataframe\">\n",
       "  <thead>\n",
       "    <tr style=\"text-align: right;\">\n",
       "      <th></th>\n",
       "      <th>model</th>\n",
       "      <th>origin</th>\n",
       "      <th>price</th>\n",
       "      <th>mpg</th>\n",
       "      <th>rep78</th>\n",
       "      <th>rep77</th>\n",
       "      <th>hroom</th>\n",
       "      <th>rseat</th>\n",
       "      <th>trunk</th>\n",
       "      <th>weight</th>\n",
       "      <th>length</th>\n",
       "      <th>turn</th>\n",
       "      <th>displa</th>\n",
       "      <th>gratio</th>\n",
       "    </tr>\n",
       "  </thead>\n",
       "  <tbody>\n",
       "    <tr>\n",
       "      <th>0</th>\n",
       "      <td>AMC CONCORD</td>\n",
       "      <td>A</td>\n",
       "      <td>4099</td>\n",
       "      <td>22</td>\n",
       "      <td>3.0</td>\n",
       "      <td>2.0</td>\n",
       "      <td>2.5</td>\n",
       "      <td>27.5</td>\n",
       "      <td>11</td>\n",
       "      <td>2930</td>\n",
       "      <td>186</td>\n",
       "      <td>40</td>\n",
       "      <td>121</td>\n",
       "      <td>3.58</td>\n",
       "    </tr>\n",
       "    <tr>\n",
       "      <th>1</th>\n",
       "      <td>AMC PACER</td>\n",
       "      <td>A</td>\n",
       "      <td>4749</td>\n",
       "      <td>17</td>\n",
       "      <td>3.0</td>\n",
       "      <td>1.0</td>\n",
       "      <td>3.0</td>\n",
       "      <td>25.5</td>\n",
       "      <td>11</td>\n",
       "      <td>3350</td>\n",
       "      <td>173</td>\n",
       "      <td>40</td>\n",
       "      <td>258</td>\n",
       "      <td>2.53</td>\n",
       "    </tr>\n",
       "    <tr>\n",
       "      <th>2</th>\n",
       "      <td>AMC SPIRIT</td>\n",
       "      <td>A</td>\n",
       "      <td>3799</td>\n",
       "      <td>22</td>\n",
       "      <td>NaN</td>\n",
       "      <td>NaN</td>\n",
       "      <td>3.0</td>\n",
       "      <td>18.5</td>\n",
       "      <td>12</td>\n",
       "      <td>2640</td>\n",
       "      <td>168</td>\n",
       "      <td>35</td>\n",
       "      <td>121</td>\n",
       "      <td>3.08</td>\n",
       "    </tr>\n",
       "    <tr>\n",
       "      <th>3</th>\n",
       "      <td>AUDI 5000</td>\n",
       "      <td>E</td>\n",
       "      <td>9690</td>\n",
       "      <td>17</td>\n",
       "      <td>5.0</td>\n",
       "      <td>2.0</td>\n",
       "      <td>3.0</td>\n",
       "      <td>27.0</td>\n",
       "      <td>15</td>\n",
       "      <td>2830</td>\n",
       "      <td>189</td>\n",
       "      <td>37</td>\n",
       "      <td>131</td>\n",
       "      <td>3.20</td>\n",
       "    </tr>\n",
       "    <tr>\n",
       "      <th>4</th>\n",
       "      <td>AUDI FOX</td>\n",
       "      <td>E</td>\n",
       "      <td>6295</td>\n",
       "      <td>23</td>\n",
       "      <td>3.0</td>\n",
       "      <td>3.0</td>\n",
       "      <td>2.5</td>\n",
       "      <td>28.0</td>\n",
       "      <td>11</td>\n",
       "      <td>2070</td>\n",
       "      <td>174</td>\n",
       "      <td>36</td>\n",
       "      <td>97</td>\n",
       "      <td>3.70</td>\n",
       "    </tr>\n",
       "    <tr>\n",
       "      <th>...</th>\n",
       "      <td>...</td>\n",
       "      <td>...</td>\n",
       "      <td>...</td>\n",
       "      <td>...</td>\n",
       "      <td>...</td>\n",
       "      <td>...</td>\n",
       "      <td>...</td>\n",
       "      <td>...</td>\n",
       "      <td>...</td>\n",
       "      <td>...</td>\n",
       "      <td>...</td>\n",
       "      <td>...</td>\n",
       "      <td>...</td>\n",
       "      <td>...</td>\n",
       "    </tr>\n",
       "    <tr>\n",
       "      <th>69</th>\n",
       "      <td>VW RABBIT</td>\n",
       "      <td>E</td>\n",
       "      <td>4697</td>\n",
       "      <td>25</td>\n",
       "      <td>4.0</td>\n",
       "      <td>3.0</td>\n",
       "      <td>3.0</td>\n",
       "      <td>25.5</td>\n",
       "      <td>15</td>\n",
       "      <td>1930</td>\n",
       "      <td>155</td>\n",
       "      <td>35</td>\n",
       "      <td>89</td>\n",
       "      <td>3.78</td>\n",
       "    </tr>\n",
       "    <tr>\n",
       "      <th>70</th>\n",
       "      <td>VW RABBIT DIESEL</td>\n",
       "      <td>E</td>\n",
       "      <td>5397</td>\n",
       "      <td>41</td>\n",
       "      <td>5.0</td>\n",
       "      <td>4.0</td>\n",
       "      <td>3.0</td>\n",
       "      <td>25.5</td>\n",
       "      <td>15</td>\n",
       "      <td>2040</td>\n",
       "      <td>155</td>\n",
       "      <td>35</td>\n",
       "      <td>90</td>\n",
       "      <td>3.78</td>\n",
       "    </tr>\n",
       "    <tr>\n",
       "      <th>71</th>\n",
       "      <td>VW SCIROCCO</td>\n",
       "      <td>E</td>\n",
       "      <td>6850</td>\n",
       "      <td>25</td>\n",
       "      <td>4.0</td>\n",
       "      <td>3.0</td>\n",
       "      <td>2.0</td>\n",
       "      <td>23.5</td>\n",
       "      <td>16</td>\n",
       "      <td>1990</td>\n",
       "      <td>156</td>\n",
       "      <td>36</td>\n",
       "      <td>97</td>\n",
       "      <td>3.78</td>\n",
       "    </tr>\n",
       "    <tr>\n",
       "      <th>72</th>\n",
       "      <td>VW DASHER</td>\n",
       "      <td>E</td>\n",
       "      <td>7140</td>\n",
       "      <td>23</td>\n",
       "      <td>4.0</td>\n",
       "      <td>3.0</td>\n",
       "      <td>2.5</td>\n",
       "      <td>37.5</td>\n",
       "      <td>12</td>\n",
       "      <td>2160</td>\n",
       "      <td>172</td>\n",
       "      <td>36</td>\n",
       "      <td>97</td>\n",
       "      <td>3.74</td>\n",
       "    </tr>\n",
       "    <tr>\n",
       "      <th>73</th>\n",
       "      <td>VOLVO 260</td>\n",
       "      <td>E</td>\n",
       "      <td>11995</td>\n",
       "      <td>17</td>\n",
       "      <td>5.0</td>\n",
       "      <td>3.0</td>\n",
       "      <td>2.5</td>\n",
       "      <td>29.5</td>\n",
       "      <td>14</td>\n",
       "      <td>3170</td>\n",
       "      <td>193</td>\n",
       "      <td>37</td>\n",
       "      <td>163</td>\n",
       "      <td>2.98</td>\n",
       "    </tr>\n",
       "  </tbody>\n",
       "</table>\n",
       "<p>74 rows × 14 columns</p>\n",
       "</div>"
      ],
      "text/plain": [
       "               model origin  price  mpg  rep78  rep77  hroom  rseat  trunk  \\\n",
       "0        AMC CONCORD      A   4099   22    3.0    2.0    2.5   27.5     11   \n",
       "1          AMC PACER      A   4749   17    3.0    1.0    3.0   25.5     11   \n",
       "2         AMC SPIRIT      A   3799   22    NaN    NaN    3.0   18.5     12   \n",
       "3          AUDI 5000      E   9690   17    5.0    2.0    3.0   27.0     15   \n",
       "4           AUDI FOX      E   6295   23    3.0    3.0    2.5   28.0     11   \n",
       "..               ...    ...    ...  ...    ...    ...    ...    ...    ...   \n",
       "69         VW RABBIT      E   4697   25    4.0    3.0    3.0   25.5     15   \n",
       "70  VW RABBIT DIESEL      E   5397   41    5.0    4.0    3.0   25.5     15   \n",
       "71       VW SCIROCCO      E   6850   25    4.0    3.0    2.0   23.5     16   \n",
       "72         VW DASHER      E   7140   23    4.0    3.0    2.5   37.5     12   \n",
       "73         VOLVO 260      E  11995   17    5.0    3.0    2.5   29.5     14   \n",
       "\n",
       "    weight  length  turn  displa  gratio  \n",
       "0     2930     186    40     121    3.58  \n",
       "1     3350     173    40     258    2.53  \n",
       "2     2640     168    35     121    3.08  \n",
       "3     2830     189    37     131    3.20  \n",
       "4     2070     174    36      97    3.70  \n",
       "..     ...     ...   ...     ...     ...  \n",
       "69    1930     155    35      89    3.78  \n",
       "70    2040     155    35      90    3.78  \n",
       "71    1990     156    36      97    3.78  \n",
       "72    2160     172    36      97    3.74  \n",
       "73    3170     193    37     163    2.98  \n",
       "\n",
       "[74 rows x 14 columns]"
      ]
     },
     "execution_count": 7,
     "metadata": {},
     "output_type": "execute_result"
    }
   ],
   "source": [
    "auto = pd.read_fwf(\"auto.dat\", header = None, \n",
    "widths = [19,4,6,3,2,2,4,5,3,5,4,3,4,4], na_values='.')\n",
    "auto.columns = ['model','origin', 'price', 'mpg', 'rep78', 'rep77', 'hroom', 'rseat', \n",
    "                'trunk', 'weight', 'length', 'turn', 'displa', 'gratio']\n",
    "auto"
   ]
  },
  {
   "cell_type": "code",
   "execution_count": 8,
   "id": "72833e46",
   "metadata": {},
   "outputs": [
    {
     "data": {
      "text/html": [
       "<div>\n",
       "<style scoped>\n",
       "    .dataframe tbody tr th:only-of-type {\n",
       "        vertical-align: middle;\n",
       "    }\n",
       "\n",
       "    .dataframe tbody tr th {\n",
       "        vertical-align: top;\n",
       "    }\n",
       "\n",
       "    .dataframe thead th {\n",
       "        text-align: right;\n",
       "    }\n",
       "</style>\n",
       "<table border=\"1\" class=\"dataframe\">\n",
       "  <thead>\n",
       "    <tr style=\"text-align: right;\">\n",
       "      <th></th>\n",
       "      <th>price</th>\n",
       "      <th>mpg</th>\n",
       "      <th>hroom</th>\n",
       "      <th>rseat</th>\n",
       "      <th>weight</th>\n",
       "      <th>length</th>\n",
       "      <th>gratio</th>\n",
       "    </tr>\n",
       "  </thead>\n",
       "  <tbody>\n",
       "    <tr>\n",
       "      <th>0</th>\n",
       "      <td>4099</td>\n",
       "      <td>22</td>\n",
       "      <td>2.5</td>\n",
       "      <td>27.5</td>\n",
       "      <td>2930</td>\n",
       "      <td>186</td>\n",
       "      <td>3.58</td>\n",
       "    </tr>\n",
       "    <tr>\n",
       "      <th>1</th>\n",
       "      <td>4749</td>\n",
       "      <td>17</td>\n",
       "      <td>3.0</td>\n",
       "      <td>25.5</td>\n",
       "      <td>3350</td>\n",
       "      <td>173</td>\n",
       "      <td>2.53</td>\n",
       "    </tr>\n",
       "    <tr>\n",
       "      <th>2</th>\n",
       "      <td>3799</td>\n",
       "      <td>22</td>\n",
       "      <td>3.0</td>\n",
       "      <td>18.5</td>\n",
       "      <td>2640</td>\n",
       "      <td>168</td>\n",
       "      <td>3.08</td>\n",
       "    </tr>\n",
       "    <tr>\n",
       "      <th>3</th>\n",
       "      <td>9690</td>\n",
       "      <td>17</td>\n",
       "      <td>3.0</td>\n",
       "      <td>27.0</td>\n",
       "      <td>2830</td>\n",
       "      <td>189</td>\n",
       "      <td>3.20</td>\n",
       "    </tr>\n",
       "    <tr>\n",
       "      <th>4</th>\n",
       "      <td>6295</td>\n",
       "      <td>23</td>\n",
       "      <td>2.5</td>\n",
       "      <td>28.0</td>\n",
       "      <td>2070</td>\n",
       "      <td>174</td>\n",
       "      <td>3.70</td>\n",
       "    </tr>\n",
       "  </tbody>\n",
       "</table>\n",
       "</div>"
      ],
      "text/plain": [
       "   price  mpg  hroom  rseat  weight  length  gratio\n",
       "0   4099   22    2.5   27.5    2930     186    3.58\n",
       "1   4749   17    3.0   25.5    3350     173    2.53\n",
       "2   3799   22    3.0   18.5    2640     168    3.08\n",
       "3   9690   17    3.0   27.0    2830     189    3.20\n",
       "4   6295   23    2.5   28.0    2070     174    3.70"
      ]
     },
     "execution_count": 8,
     "metadata": {},
     "output_type": "execute_result"
    }
   ],
   "source": [
    "col=[ 'price', 'mpg', 'hroom', 'rseat',  'weight', 'length', 'gratio']\n",
    "X = auto[col]\n",
    "X.head()"
   ]
  },
  {
   "cell_type": "code",
   "execution_count": 9,
   "id": "fa90fc11",
   "metadata": {},
   "outputs": [
    {
     "data": {
      "text/plain": [
       "(74, 7)"
      ]
     },
     "execution_count": 9,
     "metadata": {},
     "output_type": "execute_result"
    }
   ],
   "source": [
    "X.shape"
   ]
  },
  {
   "cell_type": "markdown",
   "id": "8a8315ca",
   "metadata": {},
   "source": [
    "### 1. Sample Mean Vector ($\\bar x$)"
   ]
  },
  {
   "cell_type": "code",
   "execution_count": 10,
   "id": "b736780f",
   "metadata": {},
   "outputs": [
    {
     "data": {
      "text/html": [
       "<div>\n",
       "<style scoped>\n",
       "    .dataframe tbody tr th:only-of-type {\n",
       "        vertical-align: middle;\n",
       "    }\n",
       "\n",
       "    .dataframe tbody tr th {\n",
       "        vertical-align: top;\n",
       "    }\n",
       "\n",
       "    .dataframe thead th {\n",
       "        text-align: right;\n",
       "    }\n",
       "</style>\n",
       "<table border=\"1\" class=\"dataframe\">\n",
       "  <thead>\n",
       "    <tr style=\"text-align: right;\">\n",
       "      <th></th>\n",
       "      <th>price</th>\n",
       "      <th>mpg</th>\n",
       "      <th>hroom</th>\n",
       "      <th>rseat</th>\n",
       "      <th>weight</th>\n",
       "      <th>length</th>\n",
       "      <th>gratio</th>\n",
       "    </tr>\n",
       "  </thead>\n",
       "  <tbody>\n",
       "    <tr>\n",
       "      <th>ones</th>\n",
       "      <td>6192.283784</td>\n",
       "      <td>21.297297</td>\n",
       "      <td>2.986486</td>\n",
       "      <td>26.817568</td>\n",
       "      <td>3010.810811</td>\n",
       "      <td>188.067568</td>\n",
       "      <td>3.018108</td>\n",
       "    </tr>\n",
       "  </tbody>\n",
       "</table>\n",
       "</div>"
      ],
      "text/plain": [
       "            price        mpg     hroom      rseat       weight      length  \\\n",
       "ones  6192.283784  21.297297  2.986486  26.817568  3010.810811  188.067568   \n",
       "\n",
       "        gratio  \n",
       "ones  3.018108  "
      ]
     },
     "execution_count": 10,
     "metadata": {},
     "output_type": "execute_result"
    }
   ],
   "source": [
    "#calculate the mean \n",
    "ones = pd.DataFrame({'ones':np.ones(len(X))})\n",
    "x_i = ones.transpose().dot(X)\n",
    "mean = x_i / len(X)\n",
    "mean"
   ]
  },
  {
   "cell_type": "code",
   "execution_count": 11,
   "id": "9f4c21e8",
   "metadata": {},
   "outputs": [
    {
     "data": {
      "text/plain": [
       "price     6192.283784\n",
       "mpg         21.297297\n",
       "hroom        2.986486\n",
       "rseat       26.817568\n",
       "weight    3010.810811\n",
       "length     188.067568\n",
       "gratio       3.018108\n",
       "dtype: float64"
      ]
     },
     "execution_count": 11,
     "metadata": {},
     "output_type": "execute_result"
    }
   ],
   "source": [
    "# compare with the built-in function\n",
    "X.mean()       #same result"
   ]
  },
  {
   "cell_type": "markdown",
   "id": "a713bc05",
   "metadata": {},
   "source": [
    "#### The result matches!"
   ]
  },
  {
   "cell_type": "markdown",
   "id": "8606b7a8",
   "metadata": {},
   "source": [
    "### 2. Sample Covariance Matrix ( $S$)"
   ]
  },
  {
   "cell_type": "code",
   "execution_count": 12,
   "id": "cabd612f",
   "metadata": {},
   "outputs": [
    {
     "data": {
      "text/html": [
       "<div>\n",
       "<style scoped>\n",
       "    .dataframe tbody tr th:only-of-type {\n",
       "        vertical-align: middle;\n",
       "    }\n",
       "\n",
       "    .dataframe tbody tr th {\n",
       "        vertical-align: top;\n",
       "    }\n",
       "\n",
       "    .dataframe thead th {\n",
       "        text-align: right;\n",
       "    }\n",
       "</style>\n",
       "<table border=\"1\" class=\"dataframe\">\n",
       "  <thead>\n",
       "    <tr style=\"text-align: right;\">\n",
       "      <th></th>\n",
       "      <th>price</th>\n",
       "      <th>mpg</th>\n",
       "      <th>hroom</th>\n",
       "      <th>rseat</th>\n",
       "      <th>weight</th>\n",
       "      <th>length</th>\n",
       "      <th>gratio</th>\n",
       "    </tr>\n",
       "  </thead>\n",
       "  <tbody>\n",
       "    <tr>\n",
       "      <th>price</th>\n",
       "      <td>8.632196e+06</td>\n",
       "      <td>-8086.619770</td>\n",
       "      <td>315.401148</td>\n",
       "      <td>3950.367549</td>\n",
       "      <td>1.270005e+06</td>\n",
       "      <td>28977.720289</td>\n",
       "      <td>-434.503565</td>\n",
       "    </tr>\n",
       "    <tr>\n",
       "      <th>mpg</th>\n",
       "      <td>-8.086620e+03</td>\n",
       "      <td>33.472047</td>\n",
       "      <td>-1.989078</td>\n",
       "      <td>-8.945020</td>\n",
       "      <td>-3.732025e+03</td>\n",
       "      <td>-103.239541</td>\n",
       "      <td>1.609200</td>\n",
       "    </tr>\n",
       "    <tr>\n",
       "      <th>hroom</th>\n",
       "      <td>3.154011e+02</td>\n",
       "      <td>-1.989078</td>\n",
       "      <td>0.705294</td>\n",
       "      <td>1.353665</td>\n",
       "      <td>3.280933e+02</td>\n",
       "      <td>9.672158</td>\n",
       "      <td>-0.140437</td>\n",
       "    </tr>\n",
       "    <tr>\n",
       "      <th>rseat</th>\n",
       "      <td>3.950368e+03</td>\n",
       "      <td>-8.945020</td>\n",
       "      <td>1.353665</td>\n",
       "      <td>9.777906</td>\n",
       "      <td>1.438712e+03</td>\n",
       "      <td>43.944002</td>\n",
       "      <td>-0.564117</td>\n",
       "    </tr>\n",
       "    <tr>\n",
       "      <th>weight</th>\n",
       "      <td>1.270005e+06</td>\n",
       "      <td>-3732.025176</td>\n",
       "      <td>328.093299</td>\n",
       "      <td>1438.711588</td>\n",
       "      <td>6.144925e+05</td>\n",
       "      <td>16777.615698</td>\n",
       "      <td>-268.835431</td>\n",
       "    </tr>\n",
       "    <tr>\n",
       "      <th>length</th>\n",
       "      <td>2.897772e+04</td>\n",
       "      <td>-103.239541</td>\n",
       "      <td>9.672158</td>\n",
       "      <td>43.944002</td>\n",
       "      <td>1.677762e+04</td>\n",
       "      <td>502.091262</td>\n",
       "      <td>-7.057953</td>\n",
       "    </tr>\n",
       "    <tr>\n",
       "      <th>gratio</th>\n",
       "      <td>-4.345036e+02</td>\n",
       "      <td>1.609200</td>\n",
       "      <td>-0.140437</td>\n",
       "      <td>-0.564117</td>\n",
       "      <td>-2.688354e+02</td>\n",
       "      <td>-7.057953</td>\n",
       "      <td>0.205394</td>\n",
       "    </tr>\n",
       "  </tbody>\n",
       "</table>\n",
       "</div>"
      ],
      "text/plain": [
       "               price          mpg       hroom        rseat        weight  \\\n",
       "price   8.632196e+06 -8086.619770  315.401148  3950.367549  1.270005e+06   \n",
       "mpg    -8.086620e+03    33.472047   -1.989078    -8.945020 -3.732025e+03   \n",
       "hroom   3.154011e+02    -1.989078    0.705294     1.353665  3.280933e+02   \n",
       "rseat   3.950368e+03    -8.945020    1.353665     9.777906  1.438712e+03   \n",
       "weight  1.270005e+06 -3732.025176  328.093299  1438.711588  6.144925e+05   \n",
       "length  2.897772e+04  -103.239541    9.672158    43.944002  1.677762e+04   \n",
       "gratio -4.345036e+02     1.609200   -0.140437    -0.564117 -2.688354e+02   \n",
       "\n",
       "              length      gratio  \n",
       "price   28977.720289 -434.503565  \n",
       "mpg      -103.239541    1.609200  \n",
       "hroom       9.672158   -0.140437  \n",
       "rseat      43.944002   -0.564117  \n",
       "weight  16777.615698 -268.835431  \n",
       "length    502.091262   -7.057953  \n",
       "gratio     -7.057953    0.205394  "
      ]
     },
     "execution_count": 12,
     "metadata": {},
     "output_type": "execute_result"
    }
   ],
   "source": [
    "# calculate the sample covariance \n",
    "s = 0\n",
    "for i in range(len(X)):\n",
    "    s += (X.iloc[i,:] - mean).transpose().dot((X.iloc[i,:] - mean))\n",
    "\n",
    "s = s / (len(X)-1)\n",
    "s"
   ]
  },
  {
   "cell_type": "code",
   "execution_count": 13,
   "id": "7158c4c4",
   "metadata": {},
   "outputs": [
    {
     "data": {
      "text/html": [
       "<div>\n",
       "<style scoped>\n",
       "    .dataframe tbody tr th:only-of-type {\n",
       "        vertical-align: middle;\n",
       "    }\n",
       "\n",
       "    .dataframe tbody tr th {\n",
       "        vertical-align: top;\n",
       "    }\n",
       "\n",
       "    .dataframe thead th {\n",
       "        text-align: right;\n",
       "    }\n",
       "</style>\n",
       "<table border=\"1\" class=\"dataframe\">\n",
       "  <thead>\n",
       "    <tr style=\"text-align: right;\">\n",
       "      <th></th>\n",
       "      <th>price</th>\n",
       "      <th>mpg</th>\n",
       "      <th>hroom</th>\n",
       "      <th>rseat</th>\n",
       "      <th>weight</th>\n",
       "      <th>length</th>\n",
       "      <th>gratio</th>\n",
       "    </tr>\n",
       "  </thead>\n",
       "  <tbody>\n",
       "    <tr>\n",
       "      <th>price</th>\n",
       "      <td>8.632196e+06</td>\n",
       "      <td>-8086.619770</td>\n",
       "      <td>315.401148</td>\n",
       "      <td>3950.367549</td>\n",
       "      <td>1.270005e+06</td>\n",
       "      <td>28977.720289</td>\n",
       "      <td>-434.503565</td>\n",
       "    </tr>\n",
       "    <tr>\n",
       "      <th>mpg</th>\n",
       "      <td>-8.086620e+03</td>\n",
       "      <td>33.472047</td>\n",
       "      <td>-1.989078</td>\n",
       "      <td>-8.945020</td>\n",
       "      <td>-3.732025e+03</td>\n",
       "      <td>-103.239541</td>\n",
       "      <td>1.609200</td>\n",
       "    </tr>\n",
       "    <tr>\n",
       "      <th>hroom</th>\n",
       "      <td>3.154011e+02</td>\n",
       "      <td>-1.989078</td>\n",
       "      <td>0.705294</td>\n",
       "      <td>1.353665</td>\n",
       "      <td>3.280933e+02</td>\n",
       "      <td>9.672158</td>\n",
       "      <td>-0.140437</td>\n",
       "    </tr>\n",
       "    <tr>\n",
       "      <th>rseat</th>\n",
       "      <td>3.950368e+03</td>\n",
       "      <td>-8.945020</td>\n",
       "      <td>1.353665</td>\n",
       "      <td>9.777906</td>\n",
       "      <td>1.438712e+03</td>\n",
       "      <td>43.944002</td>\n",
       "      <td>-0.564117</td>\n",
       "    </tr>\n",
       "    <tr>\n",
       "      <th>weight</th>\n",
       "      <td>1.270005e+06</td>\n",
       "      <td>-3732.025176</td>\n",
       "      <td>328.093299</td>\n",
       "      <td>1438.711588</td>\n",
       "      <td>6.144925e+05</td>\n",
       "      <td>16777.615698</td>\n",
       "      <td>-268.835431</td>\n",
       "    </tr>\n",
       "    <tr>\n",
       "      <th>length</th>\n",
       "      <td>2.897772e+04</td>\n",
       "      <td>-103.239541</td>\n",
       "      <td>9.672158</td>\n",
       "      <td>43.944002</td>\n",
       "      <td>1.677762e+04</td>\n",
       "      <td>502.091262</td>\n",
       "      <td>-7.057953</td>\n",
       "    </tr>\n",
       "    <tr>\n",
       "      <th>gratio</th>\n",
       "      <td>-4.345036e+02</td>\n",
       "      <td>1.609200</td>\n",
       "      <td>-0.140437</td>\n",
       "      <td>-0.564117</td>\n",
       "      <td>-2.688354e+02</td>\n",
       "      <td>-7.057953</td>\n",
       "      <td>0.205394</td>\n",
       "    </tr>\n",
       "  </tbody>\n",
       "</table>\n",
       "</div>"
      ],
      "text/plain": [
       "               price          mpg       hroom        rseat        weight  \\\n",
       "price   8.632196e+06 -8086.619770  315.401148  3950.367549  1.270005e+06   \n",
       "mpg    -8.086620e+03    33.472047   -1.989078    -8.945020 -3.732025e+03   \n",
       "hroom   3.154011e+02    -1.989078    0.705294     1.353665  3.280933e+02   \n",
       "rseat   3.950368e+03    -8.945020    1.353665     9.777906  1.438712e+03   \n",
       "weight  1.270005e+06 -3732.025176  328.093299  1438.711588  6.144925e+05   \n",
       "length  2.897772e+04  -103.239541    9.672158    43.944002  1.677762e+04   \n",
       "gratio -4.345036e+02     1.609200   -0.140437    -0.564117 -2.688354e+02   \n",
       "\n",
       "              length      gratio  \n",
       "price   28977.720289 -434.503565  \n",
       "mpg      -103.239541    1.609200  \n",
       "hroom       9.672158   -0.140437  \n",
       "rseat      43.944002   -0.564117  \n",
       "weight  16777.615698 -268.835431  \n",
       "length    502.091262   -7.057953  \n",
       "gratio     -7.057953    0.205394  "
      ]
     },
     "execution_count": 13,
     "metadata": {},
     "output_type": "execute_result"
    }
   ],
   "source": [
    "# compare with in-built function\n",
    "X.cov()       #same result"
   ]
  },
  {
   "cell_type": "markdown",
   "id": "2f03a21b",
   "metadata": {},
   "source": [
    "#### The result matches!"
   ]
  },
  {
   "cell_type": "markdown",
   "id": "9710ebeb",
   "metadata": {},
   "source": [
    "### 3. Sample Correlation Matrix ( $R$)"
   ]
  },
  {
   "cell_type": "code",
   "execution_count": 14,
   "id": "d7ab8656",
   "metadata": {},
   "outputs": [],
   "source": [
    "# calculate the sample covariance \n",
    "r = []\n",
    "for i  in range(X.shape[1]):\n",
    "    for j  in range(X.shape[1]):\n",
    "        r.append( s.iloc[i,j]/np.sqrt(s.iloc[i,i] * s.iloc[j,j]))"
   ]
  },
  {
   "cell_type": "code",
   "execution_count": 15,
   "id": "a1700687",
   "metadata": {},
   "outputs": [
    {
     "data": {
      "text/html": [
       "<div>\n",
       "<style scoped>\n",
       "    .dataframe tbody tr th:only-of-type {\n",
       "        vertical-align: middle;\n",
       "    }\n",
       "\n",
       "    .dataframe tbody tr th {\n",
       "        vertical-align: top;\n",
       "    }\n",
       "\n",
       "    .dataframe thead th {\n",
       "        text-align: right;\n",
       "    }\n",
       "</style>\n",
       "<table border=\"1\" class=\"dataframe\">\n",
       "  <thead>\n",
       "    <tr style=\"text-align: right;\">\n",
       "      <th></th>\n",
       "      <th>price</th>\n",
       "      <th>mpg</th>\n",
       "      <th>hroom</th>\n",
       "      <th>rseat</th>\n",
       "      <th>weight</th>\n",
       "      <th>length</th>\n",
       "      <th>gratio</th>\n",
       "    </tr>\n",
       "  </thead>\n",
       "  <tbody>\n",
       "    <tr>\n",
       "      <th>price</th>\n",
       "      <td>1.000000</td>\n",
       "      <td>-0.475735</td>\n",
       "      <td>0.127825</td>\n",
       "      <td>0.429986</td>\n",
       "      <td>0.551425</td>\n",
       "      <td>0.440162</td>\n",
       "      <td>-0.326317</td>\n",
       "    </tr>\n",
       "    <tr>\n",
       "      <th>mpg</th>\n",
       "      <td>-0.475735</td>\n",
       "      <td>1.000000</td>\n",
       "      <td>-0.409379</td>\n",
       "      <td>-0.494444</td>\n",
       "      <td>-0.822896</td>\n",
       "      <td>-0.796368</td>\n",
       "      <td>0.613727</td>\n",
       "    </tr>\n",
       "    <tr>\n",
       "      <th>hroom</th>\n",
       "      <td>0.127825</td>\n",
       "      <td>-0.409379</td>\n",
       "      <td>1.000000</td>\n",
       "      <td>0.515470</td>\n",
       "      <td>0.498372</td>\n",
       "      <td>0.513981</td>\n",
       "      <td>-0.368980</td>\n",
       "    </tr>\n",
       "    <tr>\n",
       "      <th>rseat</th>\n",
       "      <td>0.429986</td>\n",
       "      <td>-0.494444</td>\n",
       "      <td>0.515470</td>\n",
       "      <td>1.000000</td>\n",
       "      <td>0.586938</td>\n",
       "      <td>0.627170</td>\n",
       "      <td>-0.398064</td>\n",
       "    </tr>\n",
       "    <tr>\n",
       "      <th>weight</th>\n",
       "      <td>0.551425</td>\n",
       "      <td>-0.822896</td>\n",
       "      <td>0.498372</td>\n",
       "      <td>0.586938</td>\n",
       "      <td>1.000000</td>\n",
       "      <td>0.955170</td>\n",
       "      <td>-0.756719</td>\n",
       "    </tr>\n",
       "    <tr>\n",
       "      <th>length</th>\n",
       "      <td>0.440162</td>\n",
       "      <td>-0.796368</td>\n",
       "      <td>0.513981</td>\n",
       "      <td>0.627170</td>\n",
       "      <td>0.955170</td>\n",
       "      <td>1.000000</td>\n",
       "      <td>-0.695015</td>\n",
       "    </tr>\n",
       "    <tr>\n",
       "      <th>gratio</th>\n",
       "      <td>-0.326317</td>\n",
       "      <td>0.613727</td>\n",
       "      <td>-0.368980</td>\n",
       "      <td>-0.398064</td>\n",
       "      <td>-0.756719</td>\n",
       "      <td>-0.695015</td>\n",
       "      <td>1.000000</td>\n",
       "    </tr>\n",
       "  </tbody>\n",
       "</table>\n",
       "</div>"
      ],
      "text/plain": [
       "           price       mpg     hroom     rseat    weight    length    gratio\n",
       "price   1.000000 -0.475735  0.127825  0.429986  0.551425  0.440162 -0.326317\n",
       "mpg    -0.475735  1.000000 -0.409379 -0.494444 -0.822896 -0.796368  0.613727\n",
       "hroom   0.127825 -0.409379  1.000000  0.515470  0.498372  0.513981 -0.368980\n",
       "rseat   0.429986 -0.494444  0.515470  1.000000  0.586938  0.627170 -0.398064\n",
       "weight  0.551425 -0.822896  0.498372  0.586938  1.000000  0.955170 -0.756719\n",
       "length  0.440162 -0.796368  0.513981  0.627170  0.955170  1.000000 -0.695015\n",
       "gratio -0.326317  0.613727 -0.368980 -0.398064 -0.756719 -0.695015  1.000000"
      ]
     },
     "execution_count": 15,
     "metadata": {},
     "output_type": "execute_result"
    }
   ],
   "source": [
    "r = np.asarray(r)\n",
    "r = pd.DataFrame(r.reshape(7,7))\n",
    "r.index ,r.columns = col, col\n",
    "r"
   ]
  },
  {
   "cell_type": "code",
   "execution_count": 16,
   "id": "ac0c19cc",
   "metadata": {},
   "outputs": [
    {
     "data": {
      "text/html": [
       "<div>\n",
       "<style scoped>\n",
       "    .dataframe tbody tr th:only-of-type {\n",
       "        vertical-align: middle;\n",
       "    }\n",
       "\n",
       "    .dataframe tbody tr th {\n",
       "        vertical-align: top;\n",
       "    }\n",
       "\n",
       "    .dataframe thead th {\n",
       "        text-align: right;\n",
       "    }\n",
       "</style>\n",
       "<table border=\"1\" class=\"dataframe\">\n",
       "  <thead>\n",
       "    <tr style=\"text-align: right;\">\n",
       "      <th></th>\n",
       "      <th>price</th>\n",
       "      <th>mpg</th>\n",
       "      <th>hroom</th>\n",
       "      <th>rseat</th>\n",
       "      <th>weight</th>\n",
       "      <th>length</th>\n",
       "      <th>gratio</th>\n",
       "    </tr>\n",
       "  </thead>\n",
       "  <tbody>\n",
       "    <tr>\n",
       "      <th>price</th>\n",
       "      <td>1.000000</td>\n",
       "      <td>-0.475735</td>\n",
       "      <td>0.127825</td>\n",
       "      <td>0.429986</td>\n",
       "      <td>0.551425</td>\n",
       "      <td>0.440162</td>\n",
       "      <td>-0.326317</td>\n",
       "    </tr>\n",
       "    <tr>\n",
       "      <th>mpg</th>\n",
       "      <td>-0.475735</td>\n",
       "      <td>1.000000</td>\n",
       "      <td>-0.409379</td>\n",
       "      <td>-0.494444</td>\n",
       "      <td>-0.822896</td>\n",
       "      <td>-0.796368</td>\n",
       "      <td>0.613727</td>\n",
       "    </tr>\n",
       "    <tr>\n",
       "      <th>hroom</th>\n",
       "      <td>0.127825</td>\n",
       "      <td>-0.409379</td>\n",
       "      <td>1.000000</td>\n",
       "      <td>0.515470</td>\n",
       "      <td>0.498372</td>\n",
       "      <td>0.513981</td>\n",
       "      <td>-0.368980</td>\n",
       "    </tr>\n",
       "    <tr>\n",
       "      <th>rseat</th>\n",
       "      <td>0.429986</td>\n",
       "      <td>-0.494444</td>\n",
       "      <td>0.515470</td>\n",
       "      <td>1.000000</td>\n",
       "      <td>0.586938</td>\n",
       "      <td>0.627170</td>\n",
       "      <td>-0.398064</td>\n",
       "    </tr>\n",
       "    <tr>\n",
       "      <th>weight</th>\n",
       "      <td>0.551425</td>\n",
       "      <td>-0.822896</td>\n",
       "      <td>0.498372</td>\n",
       "      <td>0.586938</td>\n",
       "      <td>1.000000</td>\n",
       "      <td>0.955170</td>\n",
       "      <td>-0.756719</td>\n",
       "    </tr>\n",
       "    <tr>\n",
       "      <th>length</th>\n",
       "      <td>0.440162</td>\n",
       "      <td>-0.796368</td>\n",
       "      <td>0.513981</td>\n",
       "      <td>0.627170</td>\n",
       "      <td>0.955170</td>\n",
       "      <td>1.000000</td>\n",
       "      <td>-0.695015</td>\n",
       "    </tr>\n",
       "    <tr>\n",
       "      <th>gratio</th>\n",
       "      <td>-0.326317</td>\n",
       "      <td>0.613727</td>\n",
       "      <td>-0.368980</td>\n",
       "      <td>-0.398064</td>\n",
       "      <td>-0.756719</td>\n",
       "      <td>-0.695015</td>\n",
       "      <td>1.000000</td>\n",
       "    </tr>\n",
       "  </tbody>\n",
       "</table>\n",
       "</div>"
      ],
      "text/plain": [
       "           price       mpg     hroom     rseat    weight    length    gratio\n",
       "price   1.000000 -0.475735  0.127825  0.429986  0.551425  0.440162 -0.326317\n",
       "mpg    -0.475735  1.000000 -0.409379 -0.494444 -0.822896 -0.796368  0.613727\n",
       "hroom   0.127825 -0.409379  1.000000  0.515470  0.498372  0.513981 -0.368980\n",
       "rseat   0.429986 -0.494444  0.515470  1.000000  0.586938  0.627170 -0.398064\n",
       "weight  0.551425 -0.822896  0.498372  0.586938  1.000000  0.955170 -0.756719\n",
       "length  0.440162 -0.796368  0.513981  0.627170  0.955170  1.000000 -0.695015\n",
       "gratio -0.326317  0.613727 -0.368980 -0.398064 -0.756719 -0.695015  1.000000"
      ]
     },
     "execution_count": 16,
     "metadata": {},
     "output_type": "execute_result"
    }
   ],
   "source": [
    "# compare with in-built function\n",
    "X.corr()       #same result"
   ]
  },
  {
   "cell_type": "markdown",
   "id": "3d1303ed",
   "metadata": {},
   "source": [
    "#### The result matches!"
   ]
  },
  {
   "cell_type": "markdown",
   "id": "76c6e5a4",
   "metadata": {},
   "source": [
    "# - Statistical Inference on Correlation\n"
   ]
  },
  {
   "cell_type": "markdown",
   "id": "dbf3b651",
   "metadata": {},
   "source": [
    "## Hypothesis testing <br>\n",
    "$H_{0}: \\rho =  0 \\;\\;  vs. H_{a}: \\rho \\neq 0$ <br>\n",
    "$T = \\frac{r\\sqrt{n-2}}{\\sqrt{1-r^{2}}} \\sim t_{n-2} \\;\\; under \\;H_{0}$ <br>\n",
    "\n",
    "$\\underline{Note}$\n",
    "1. Correlation measures a linear relationship\n",
    "2. It is still difficult to get a confidence interval for $\\rho$"
   ]
  },
  {
   "cell_type": "markdown",
   "id": "0916944e",
   "metadata": {},
   "source": [
    "### Example \n",
    "Let's  test the significance of the correlation between two input variables.\n",
    "We will use the applicant data to test the significance of correlations between the\n",
    "variable pairs (LC,SC), (SC,SMS), and (LC,SMS), respectively."
   ]
  },
  {
   "cell_type": "code",
   "execution_count": 17,
   "id": "41d96c4f",
   "metadata": {},
   "outputs": [
    {
     "data": {
      "text/html": [
       "<div>\n",
       "<style scoped>\n",
       "    .dataframe tbody tr th:only-of-type {\n",
       "        vertical-align: middle;\n",
       "    }\n",
       "\n",
       "    .dataframe tbody tr th {\n",
       "        vertical-align: top;\n",
       "    }\n",
       "\n",
       "    .dataframe thead th {\n",
       "        text-align: right;\n",
       "    }\n",
       "</style>\n",
       "<table border=\"1\" class=\"dataframe\">\n",
       "  <thead>\n",
       "    <tr style=\"text-align: right;\">\n",
       "      <th></th>\n",
       "      <th>ID</th>\n",
       "      <th>FL</th>\n",
       "      <th>APP</th>\n",
       "      <th>AA</th>\n",
       "      <th>LA</th>\n",
       "      <th>SC</th>\n",
       "      <th>LC</th>\n",
       "      <th>HON</th>\n",
       "      <th>SMS</th>\n",
       "      <th>EXP</th>\n",
       "      <th>DRV</th>\n",
       "      <th>AMB</th>\n",
       "      <th>GSP</th>\n",
       "      <th>POT</th>\n",
       "      <th>KJ</th>\n",
       "      <th>SUIT</th>\n",
       "    </tr>\n",
       "  </thead>\n",
       "  <tbody>\n",
       "    <tr>\n",
       "      <th>0</th>\n",
       "      <td>1</td>\n",
       "      <td>6</td>\n",
       "      <td>7</td>\n",
       "      <td>2</td>\n",
       "      <td>5</td>\n",
       "      <td>8</td>\n",
       "      <td>7</td>\n",
       "      <td>8</td>\n",
       "      <td>8</td>\n",
       "      <td>3</td>\n",
       "      <td>8</td>\n",
       "      <td>9</td>\n",
       "      <td>7</td>\n",
       "      <td>5</td>\n",
       "      <td>7</td>\n",
       "      <td>10</td>\n",
       "    </tr>\n",
       "    <tr>\n",
       "      <th>1</th>\n",
       "      <td>2</td>\n",
       "      <td>9</td>\n",
       "      <td>10</td>\n",
       "      <td>5</td>\n",
       "      <td>8</td>\n",
       "      <td>10</td>\n",
       "      <td>9</td>\n",
       "      <td>9</td>\n",
       "      <td>10</td>\n",
       "      <td>5</td>\n",
       "      <td>9</td>\n",
       "      <td>9</td>\n",
       "      <td>8</td>\n",
       "      <td>8</td>\n",
       "      <td>8</td>\n",
       "      <td>10</td>\n",
       "    </tr>\n",
       "    <tr>\n",
       "      <th>2</th>\n",
       "      <td>3</td>\n",
       "      <td>7</td>\n",
       "      <td>8</td>\n",
       "      <td>3</td>\n",
       "      <td>6</td>\n",
       "      <td>9</td>\n",
       "      <td>8</td>\n",
       "      <td>9</td>\n",
       "      <td>7</td>\n",
       "      <td>4</td>\n",
       "      <td>9</td>\n",
       "      <td>9</td>\n",
       "      <td>8</td>\n",
       "      <td>6</td>\n",
       "      <td>8</td>\n",
       "      <td>10</td>\n",
       "    </tr>\n",
       "    <tr>\n",
